Pattern 7
1.5 300 LEFT 0 -7 -4
0.8 300 LEFT 0 7 -3
0.8 300 LEFT 0 -5 -3
0.8 320 DOWN 0 6 2
0.8 320 DOWN 0 -6 3
0.8 320 DOWN 0 5 -3
0.8 320 UP   0 -4 0
0.8 320 UP   0 5 1
0.8 320 UP   0 -4 2
0.8 320 DOWN 0 7 -1 
0.8 320 DOWN 0 -6 0
0.8 320 DOWN 0 -4 -2
0.8 320 UP   0 -4 0
0.8 320 UP   0 5 -1
0.8 320 DOWN 0 -6 -1
0.8 320 UP   0 -3 2 
0.8 320 UP   0 7 1 
0.8 320 DOWN 0 4 3
0.8 320 UP   0 -5 4
0.8 320 DOWN 0 -3 -4
0.8 300 LEFT 0 -7 2
0.8 300 LEFT 0 7 -1
0.8 300 LEFT 0 -7 3
0.8 300 LEFT 0 -6 -3
0.8 300 LEFT 0 5 0