Pattern 2
3.5  280  RIGHT 14 0 6 0 7 
0.0  280  LEFT  14 14 1 14 2
5.7  280  UP    8 12 8 13 8
0.0  280  DOWN  8 1 0 2 0
6.5  280  UP    8 13 7 13 8
0.0  280  DOWN  8 1 0 1 1
0.0  280  RIGHT 14 0 1 1 1
0.0  280  LEFT  14 13 7 14 7
6.5  280  DOWN  8 1 0 2 0
0.0  280  DOWN  8 12 0 13 0
6.5  280  UP    8 4 8 5 8
0.0  280  UP    8 9 8 10 8
6.5  280  RIGHT 14 0 1 0 2
0.0  280  RIGHT 14 0 6 0 7
6.5  280  LEFT  14 14 0 14 1
0.0  280  LEFT  14 14 7 14 8
6.5  300  RIGHT 0 0 0 2 2
0.0  300  LEFT  0 14 0 12 2
0.0  300  LEFT  0 0 8 2 6
0.0  300  LEFT  0 12 6 14 8
6.5  280  UP    8 5 7 5 8
0.0  280  UP    8 9 7 9 8
0.0  280  DOWN  8 1 0 1 2 
0.0  280  DOWN  8 13 0 13 2
6.5  280  RIGHT 14 0 0 1 0
0.0  280  RIGHT 14 0 8 1 8
0.0  280  LEFT  14 14 2 
0.0  280  LEFT  14 14 6
6.8  300  UP    0 0 0 2 0
0.0  300  UP    0 0 1 0 2
0.0  300  DOWN  0 0 6 0 8 
0.0  300  DOWN  0 1 8 2 8
0.0  300  RIGHT 0 12 8 14 8
0.0  300  RIGHT 0 14 6 14 7
0.0  300  LEFT  0 12 0 14 0 
0.0  300  LEFT  0 14 1 14 2

