Pattern 7
3.8  300 RIGHT 0 2 2 2 6
0.0  300 RIGHT 0 3 2 6 2
0.0  300 RIGHT 0 6 3 6 5
0.0  300 RIGHT 0 3 6 6 6
0.6  300 RIGHT 0 9 2 9 6
0.0  300 RIGHT 0 10 2 13 2
0.0  300 RIGHT 0 13 3 13 5
0.0  300 RIGHT 0 10 6 13 6
0.6  300 RIGHT 0 16 2 16 6
0.0  300 RIGHT 0 17 2 20 2
0.0  300 RIGHT 0 20 3 20 5
0.0  300 RIGHT 0 17 6 20 6
0.6  300 RIGHT 0 16 9 16 13
0.0  300 RIGHT 0 17 9 20 9
0.0  300 RIGHT 0 20 10 20 12
0.0  300 RIGHT 0 17 13 20 13
0.6  300 RIGHT 0 9 9 9 13
0.0  300 RIGHT 0 10 9 13 9
0.0  300 RIGHT 0 13 10 13 12
0.0  300 RIGHT 0 10 13 13 13
0.6  300 RIGHT 0 2 9 2 13
0.0  300 RIGHT 0 3 9 6 9
0.0  300 RIGHT 0 6 10 6 12
0.0  300 RIGHT 0 3 13 6 13
0.6  300 RIGHT 0 2 16 2 20
0.0  300 RIGHT 0 3 16 6 16
0.0  300 RIGHT 0 6 17 6 19
0.0  300 RIGHT 0 3 20 6 20
0.6  300 RIGHT 0 9 16 9 20
0.0  300 RIGHT 0 10 16 13 16
0.0  300 RIGHT 0 13 17 13 19
0.0  300 RIGHT 0 10 20 13 20
0.6  300 RIGHT 0 16 16 16 20
0.0  300 RIGHT 0 17 16 20 16
0.0  300 RIGHT 0 20 17 20 19
0.0  300 RIGHT 0 17 20 20 20
2.0  300 RIGHT 0 17 3 17 5
0.0  300 RIGHT 0 18 3 19 3
0.0  300 RIGHT 0 18 5 19 5
0.0  300 RIGHT 0 19 4
0.6  300 RIGHT 0 10 3 10 5
0.0  300 RIGHT 0 11 3 12 3
0.0  300 RIGHT 0 11 5 12 5
0.0  300 RIGHT 0 12 4
0.6  300 RIGHT 0 3 3 3 5
0.0  300 RIGHT 0 4 3 5 3
0.0  300 RIGHT 0 4 5 5 5
0.0  300 RIGHT 0 5 4
0.6  300 RIGHT 0 3 10 3 12
0.0  300 RIGHT 0 4 10 5 10
0.0  300 RIGHT 0 4 12 5 12
0.0  300 RIGHT 0 5 11
0.6  300 RIGHT 0 10 10 10 12
0.0  300 RIGHT 0 11 10 12 10
0.0  300 RIGHT 0 11 12 12 12
0.0  300 RIGHT 0 12 11
0.6  300 RIGHT 0 17 10 17 12
0.0  300 RIGHT 0 18 10 19 10
0.0  300 RIGHT 0 18 12 19 12
0.0  300 RIGHT 0 19 11
0.6  300 RIGHT 0 17 17 17 19
0.0  300 RIGHT 0 18 17 19 17
0.0  300 RIGHT 0 18 19 19 19
0.0  300 RIGHT 0 19 18
0.6  300 RIGHT 0 10 17 10 19
0.0  300 RIGHT 0 11 17 12 17
0.0  300 RIGHT 0 11 19 12 19
0.0  300 RIGHT 0 12 18
0.6  300 RIGHT 0 3 17 3 19
0.0  300 RIGHT 0 4 17 5 17
0.0  300 RIGHT 0 4 19 5 19
0.0  300 RIGHT 0 5 18
2.0  300 RIGHT 0 4 4
0.0  300 RIGHT 0 4 11
0.0  300 RIGHT 0 4 18
0.0  300 RIGHT 0 11 4
0.0  300 RIGHT 0 11 11
0.0  300 RIGHT 0 11 18
0.0  300 RIGHT 0 18 4
0.0  300 RIGHT 0 18 11
0.0  300 RIGHT 0 18 18
2.0  300 RIGHT 5 4 4
0.0  300 LEFT 5 4 4
0.0  300 UP 5 4 4
0.0  300 DOWN 5 4 4
0.0  300 RIGHT 5 4 11
0.0  300 LEFT 5 4 11
0.0  300 UP 5 4 11
0.0  300 DOWN 5 4 11
0.0  300 RIGHT 5 4 18
0.0  300 LEFT 5 4 18
0.0  300 UP 5 4 18
0.0  300 DOWN 5 4 18
0.0  300 RIGHT 5 11 4
0.0  300 LEFT 5 11 4
0.0  300 UP 5 11 4
0.0  300 DOWN 5 11 4
0.0  300 RIGHT 5 11 11
0.0  300 LEFT 5 11 11
0.0  300 UP 5 11 11
0.0  300 DOWN 5 11 11
0.0  300 RIGHT 5 11 18
0.0  300 LEFT 5 11 18
0.0  300 UP 5 11 18
0.0  300 DOWN 5 11 18
0.0  300 RIGHT 5 18 4
0.0  300 LEFT 5 18 4
0.0  300 UP 5 18 4
0.0  300 DOWN 5 18 4
0.0  300 RIGHT 5 18 11
0.0  300 LEFT 5 18 11
0.0  300 UP 5 18 11
0.0  300 DOWN 5 18 11
0.0  300 RIGHT 5 18 18
0.0  300 LEFT 5 18 18
0.0  300 UP 5 18 18
0.0  300 DOWN 5 18 18
3.5  330 RIGHT 27 0 4 -4 0
0.0  330 RIGHT 27 -1 5 -4 8
0.0  330 LEFT 27 22 18 26 14
0.0  330 LEFT 27 23 19 26 22
0.7  290 RIGHT 0 0 0 22 0
0.7  290 RIGHT 0 0 13 22 13
0.7  290 RIGHT 0 0 9 22 9
0.7  290 RIGHT 0 0 22 22 22
0.7  290 RIGHT 0 0 0 22 0
0.7  290 RIGHT 0 0 13 22 13
0.7  290 RIGHT 0 0 9 22 9
0.7  290 RIGHT 0 0 22 22 22
3.3  320 DOWN 26 3 2 3 -3
0.0  320 DOWN 26 3 2 1 0
0.0  320 DOWN 26 3 2 5 0
0.0  320 DOWN 26 19 2 17 0
0.0  320 DOWN 26 19 2 21 0
0.0  320 DOWN 26 19 2 19 -3
0.0  320 UP 26 3 20 1 22
0.0  320 UP 26 3 20 5 22
0.0  320 UP 26 3 20 3 25
0.0  320 UP 26 17 22 19 20
0.0  320 UP 26 21 22 19 20
0.0  320 UP 26 19 20 19 25
0.0  300 UP 26 11 16 11 25
0.0  300 UP 26 11 16 8 19 
0.0  300 UP 26 11 16 14 19
0.0  300 DOWN 26 11 6 11 -3
0.0  300 DOWN 26 11 6 8 3
0.0  300 DOWN 26 11 6 14 3
6.8  300 RIGHT 0 3 0 3 22
0.7  300 RIGHT 0 21 5 21 17
0.7  300 RIGHT 0 9 5 9 17
0.7  300 RIGHT 0 19 0 19 22
0.7  300 RIGHT 0 1 5 1 17
0.7  300 RIGHT 0 13 5 13 17
0.7  300 RIGHT 0 17 5 17 17
0.7  300 RIGHT 0 11 0 11 22
0.7  300 RIGHT 0 5 5 5 17
0.7  300 RIGHT 0 3 0 3 22
0.7  300 RIGHT 0 21 5 21 17
0.7  300 RIGHT 0 9 5 9 17
0.7  300 RIGHT 0 19 0 19 22
0.7  300 RIGHT 0 1 5 1 17
0.7  300 RIGHT 0 13 5 13 17
4.0  270 LEFT 0 16 0 22 0
0.0  270 LEFT 0 22 1 22 22
0.0  270 LEFT 0 16 22 21 22
0.0  270 LEFT 0 15 3 19 3
0.0  270 LEFT 0 19 4 19 19
0.0  270 LEFT 0 15 19 18 19
0.0  270 LEFT 0 16 7 14 7
0.0  270 LEFT 0 16 8 16 15
0.0  270 LEFT 0 14 15 15 15
0.0  270 RIGHT 0 0 0 6 0
0.0  270 RIGHT 0 0 1 0 22
0.0  270 RIGHT 0 1 22 6 22
0.0  270 RIGHT 0 3 3 7 3
0.0  270 RIGHT 0 3 4 3 19 
0.0  270 RIGHT 0 4 19 7 19
0.0  270 RIGHT 0 8 7 6 7
0.0  270 RIGHT 0 6 8 6 15
0.0  270 RIGHT 0 7 15 8 15
0.0  270 RIGHT 0 11 9 11 13
0.0  270 RIGHT 0 12 11 13 11
0.0  270 RIGHT 0 9 11 10 11
