Pattern 8
3.8  300 RIGHT 0 9 9 17 9
0.0  300 RIGHT 0 9 10 9 15
0.0  300 RIGHT 0 10 15 16 15
0.0  300 RIGHT 0 17 10 17 14
0.0  300 RIGHT 0 9 9 0 0
0.0  300 RIGHT 0 9 15 0 25
0.0  300 RIGHT 0 17 15 25 25
0.0  300 RIGHT 0 17 9 25 0
0.0  300 RIGHT 0 12 11 14 13
0.0  300 RIGHT 0 14 11
0.0  300 RIGHT 0 12 13
0.8  300 RIGHT 0 9 9 17 9
0.0  300 RIGHT 0 9 10 9 15
0.0  300 RIGHT 0 10 15 16 15
0.0  300 RIGHT 0 17 10 17 14
0.0  300 RIGHT 0 9 9 0 0
0.0  300 RIGHT 0 9 15 0 25
0.0  300 RIGHT 0 17 15 25 25
0.0  300 RIGHT 0 17 9 25 0
0.0  300 RIGHT 0 12 11 14 13
0.0  300 RIGHT 0 14 11
0.0  300 RIGHT 0 12 13
0.8  300 UP 9 9 9 17 9
0.0  300 LEFT 9 9 10 9 15
0.0  300 DOWN 10 10 15 16 15
0.0  300 RIGHT 9 17 10 17 14
0.0  340 UP 13 13 12
0.0  340 LEFT 13 13 12
0.0  340 DOWN 13 13 12
0.0  340 RIGHT 13 13 12
4.8  310 DOWN 0 4 4 4 10
0.0  310 DOWN 0 1 7 3 7
0.0  310 DOWN 0 5 7 7 7
0.0  310 DOWN 0 2 5 3 6
0.0  310 DOWN 0 5 6 6 5
0.0  310 DOWN 0 2 9 3 8
0.0  310 DOWN 0 5 8 6 9
0.4  310 DOWN 0 21 11 21 19
0.0  310 DOWN 0 17 15 20 15
0.0  310 DOWN 0 22 15 25 15
0.0  310 DOWN 0 18 12 20 14
0.0  310 DOWN 0 22 14 24 12
0.0  310 DOWN 0 20 16 18 18 
0.0  310 DOWN 0 22 16 24 18
0.4  310 DOWN 0 6 16 6 22
0.0  310 DOWN 0 3 19 5 19
0.0  310 DOWN 0 7 19 9 19
0.0  310 DOWN 0 4 17 5 18
0.0  310 DOWN 0 7 18 8 17
0.0  310 DOWN 0 4 21 5 20
0.0  310 DOWN 0 7 20 8 21
0.4  310 DOWN 0 20 0 20 10
0.0  310 DOWN 0 15 5 19 5 
0.0  310 DOWN 0 21 5 25 5
0.0  310 DOWN 0 16 1 19 4
0.0  310 DOWN 0 16 9 19 6
0.0  310 DOWN 0 21 4 24 1
0.0  310 DOWN 0 21 6 24 9
0.4  310 DOWN 0 13 12 13 18
0.0  310 DOWN 0 10 15 12 15
0.0  310 DOWN 0 14 15 16 15
0.0  310 DOWN 0 11 13 12 14
0.0  310 DOWN 0 14 14 15 13
0.0  310 DOWN 0 11 17 12 16
0.0  310 DOWN 0 14 16 15 17
0.4  310 DOWN 0 17 15 17 23
0.0  310 DOWN 0 13 19 16 19
0.0  310 DOWN 0 18 19 21 19
0.0  310 DOWN 0 14 16 16 18
0.0  310 DOWN 0 18 18 20 16
0.0  310 DOWN 0 14 22 16 20
0.0  310 DOWN 0 18 20 22 22
0.4  310 DOWN 0 6 3 6 13
0.0  310 DOWN 0 1 8 5 8
0.0  310 DOWN 0 7 8 11 8
0.0  310 DOWN 0 2 4 5 7
0.0  310 DOWN 0 2 12 5 9
0.0  310 DOWN 0 7 9 10 12
0.0  310 DOWN 0 7 7 10 4
0.4  310 DOWN 0 4 15 4 23
0.0  310 DOWN 0 0 19 3 19
0.0  310 DOWN 0 5 19 8 19
0.0  310 DOWN 0 1 16 3 18
0.0  310 DOWN 0 1 22 3 20
0.0  310 DOWN 0 5 20 7 22
0.0  310 DOWN 0 5 18 7 16
0.4  310 DOWN 0 15 8 15 18
0.0  310 DOWN 0 10 13 14 13
0.0  310 DOWN 0 16 13 20 13
0.0  310 DOWN 0 11 9 14 12
0.0  310 DOWN 0 11 17 14 14
0.0  310 DOWN 0 16 14 19 17
0.0  310 DOWN 0 16 12 19 9
3.5  300 RIGHT 0 0 0 0 9
0.0  300 RIGHT 0 1 0 1 9
0.0  300 RIGHT 0 24 0 24 9
0.0  300 RIGHT 0 25 0 25 9
0.0  300 RIGHT 0 0 15 0 25
0.0  300 RIGHT 0 1 15 1 25
0.0  300 RIGHT 0 24 15 24 25 
0.0  300 RIGHT 0 25 15 25 25
0.8  300 RIGHT 0 4 0 4 7
0.0  300 RIGHT 0 5 0 5 7
0.0  300 RIGHT 0 20 0 20 7
0.0  300 RIGHT 0 21 0 21 7
0.0  300 RIGHT 0 4 17 4 25
0.0  300 RIGHT 0 5 17 5 25
0.0  300 RIGHT 0 20 17 20 25 
0.0  300 RIGHT 0 21 17 21 25
0.8  300 RIGHT 0 8 0 8 6
0.0  300 RIGHT 0 9 0 9 6
0.0  300 RIGHT 0 16 0 16 6
0.0  300 RIGHT 0 17 0 17 6
0.0  300 RIGHT 0 8 18 8 25
0.0  300 RIGHT 0 9 18 9 25
0.0  300 RIGHT 0 16 18 16 25 
0.0  300 RIGHT 0 17 18 17 25
0.8  300 RIGHT 0 11 0 11 4
0.0  300 RIGHT 0 14 0 14 4
0.0  300 RIGHT 0 11 19 11 25
0.0  300 RIGHT 0 14 19 14 25
3.5  300 RIGHT 0 0 0 0 9
0.0  300 RIGHT 0 1 0 1 9
0.0  300 RIGHT 0 24 0 24 9
0.0  300 RIGHT 0 25 0 25 9
0.0  300 RIGHT 0 0 15 0 25
0.0  300 RIGHT 0 1 15 1 25
0.0  300 RIGHT 0 24 15 24 25 
0.0  300 RIGHT 0 25 15 25 25
0.0  300 RIGHT 0 4 0 4 7
0.0  300 RIGHT 0 5 0 5 7
0.0  300 RIGHT 0 20 0 20 7
0.0  300 RIGHT 0 21 0 21 7
0.0  300 RIGHT 0 4 17 4 25
0.0  300 RIGHT 0 5 17 5 25
0.0  300 RIGHT 0 20 17 20 25 
0.0  300 RIGHT 0 21 17 21 25
0.0  300 RIGHT 0 8 0 8 6
0.0  300 RIGHT 0 9 0 9 6
0.0  300 RIGHT 0 16 0 16 6
0.0  300 RIGHT 0 17 0 17 6
0.0  300 RIGHT 0 8 18 8 25
0.0  300 RIGHT 0 9 18 9 25
0.0  300 RIGHT 0 16 18 16 25 
0.0  300 RIGHT 0 17 18 17 25
0.0  300 RIGHT 0 11 0 11 4
0.0  300 RIGHT 0 14 0 14 4
0.0  300 RIGHT 0 11 19 11 25
0.0  300 RIGHT 0 14 19 14 25
3.5  300 RIGHT 0 13 5 0 11
0.0  300 RIGHT 0 0 12 13 20
0.0  300 RIGHT 0 13 5 25 11
0.0  300 RIGHT 0 25 12 13 20
0.0  300 RIGHT 0 13 6 13 19
0.0  300 RIGHT 0 1 12 12 12
0.0  300 RIGHT 0 14 12 24 12
0.0  300 RIGHT 0 9 8 9 17
0.0  300 RIGHT 0 5 10 5 15
0.0  300 RIGHT 0 3 11 3 13
0.0  300 RIGHT 0 17 8 17 17
0.0  300 RIGHT 0 20 10 20 15
0.0  300 RIGHT 0 22 11 22 13
3.3  350 RIGHT 13 0 12
0.0  350 LEFT 12 25 12
0.0  350 UP 13 13 25
0.0  350 DOWN 12 13 0
0.4  350 RIGHT 13 0 12
0.0  350 LEFT 12 25 12
0.0  350 UP 13 13 25
0.0  350 DOWN 12 13 0
0.4  350 RIGHT 13 0 12
0.0  350 LEFT 12 25 12
0.0  350 UP 13 13 25
0.0  350 DOWN 12 13 0
0.4  350 RIGHT 13 0 12
0.0  350 LEFT 12 25 12
0.0  350 UP 13 13 25
0.0  350 DOWN 12 13 0
4.0  330 RIGHT 0 12 11 14 11
0.0  330 LEFT 0 12 12
0.0  330 UP 0 14 12
0.0  330 DOWN 0 12 13 14 13
0.5  330 RIGHT 0 10 9 16 9
0.0  330 LEFT 0 10 10 10 14
0.0  330 UP 0 16 10 16 14
0.0  330 DOWN 0 10 15 16 15
0.5  330 RIGHT 0 7 6 19 6
0.0  330 LEFT 0 7 7 7 17
0.0  330 UP 0 19 7 19 17
0.0  330 DOWN 0 7 18 19 18
0.5  330 RIGHT 0 4 3 22 3
0.0  330 LEFT 0 4 4 4 20
0.0  330 UP 0 22 4 22 20
0.0  330 DOWN 0 4 21 22 21
0.5  330 RIGHT 0 1 0 24 0
0.0  330 LEFT 0 1 1 1 24
0.0  330 UP 0 24 1 24 24
0.0  330 DOWN 0 1 25 24 25



