Pattern 5
5.8 300 LEFT 0 9 2 9 12
0.0 300 LEFT 0 5 7 8 7
0.0 300 LEFT 0 10 7 13 7
1.5 320 DOWN 4 7 0 11 0
0.0 320 DOWN 4 6 1 6 2
0.0 320 DOWN 4 12 1 12 2
0.0 320 UP 4 7 14 11 14
0.0 320 UP 4 6 12 6 13
0.0 320 UP 4 12 12 12 13
2.5 320 DOWN 0 9 2 9 12
0.0 320 DOWN 0 5 7 8 7
0.0 320 DOWN 0 10 7 13 7 
0.0 320 UP 0 7 4 8 4
0.0 320 UP 0 10 4 11 4
0.0 320 DOWN 0 6 5 6 6
0.0 320 UP 0 12 5 12 6
0.0 320 UP 0 6 8 6 9
0.0 320 DOWN 0 12 8 12 9
0.0 320 UP 0 7 10 8 10
0.0 320 DOWN 0 10 10 11 10
3.5 300 LEFT 0 0 0 4 0
0.0 300 LEFT 0 8 0 10 0
0.0 300 LEFT 0 14 0 18 0
0.0 300 LEFT 0 0 6 0 8
0.0 300 LEFT 0 18 6 18 8
0.0 300 LEFT 0 0 14 4 14
0.0 300 LEFT 0 8 14 10 14
0.0 300 LEFT 0 14 14 18 14
0.0 300 LEFT 0 7 5 12 5
0.0 300 LEFT 0 7 6 7 8
0.0 300 LEFT 0 7 9 12 9
0.0 300 LEFT 0 12 6 12 8
0.0 300 LEFT 0 0 3
0.0 300 LEFT 0 3 2
0.0 300 LEFT 0 15 2
0.0 300 LEFT 0 18 3
0.0 300 LEFT 0 0 11
0.0 300 LEFT 0 3 12
0.0 300 LEFT 0 15 12
0.0 300 LEFT 0 18 11
3.0 330 RIGHT 9 -4 3 0 7
0.0 330 RIGHT 9 -1 8 -4 11
0.0 330 LEFT 9 22 3 18 7
0.0 330 LEFT 9 19 8 22 11
3.0 330 RIGHT 0 13 3 5 11
0.0 330 RIGHT 0 5 3 8 6
0.0 330 LEFT 0 10 8 13 11
1.3 330 RIGHT 10 9 7
0.0 330 UP 10 9 7 
0.0 330 LEFT 10 9 7
0.0 330 DOWN 10 9 7
0.0 330 UP 15 5 3 8 6
0.0 330 UP 15 10 6 13 3
0.0 330 DOWN 15 8 8 5 11
0.0 330 DOWN 15 10 8 13 11
3.5 330 LEFT 7 4 7 7 7
0.0 330 RIGHT 7 11 7 14 7
0.0 330 UP 5 9 2 9 5
0.0 330 DOWN 5 9 9 9 12
0.0 300 LEFT 0 0 0 2 0
0.0 300 LEFT 0 0 1 2 1
0.0 300 LEFT 0 0 2 2 2
0.0 300 LEFT 0 18 0 16 0
0.0 300 LEFT 0 18 1 16 1
0.0 300 LEFT 0 18 2 16 2
0.0 300 LEFT 0 0 14 2 14
0.0 300 LEFT 0 0 13 2 13
0.0 300 LEFT 0 0 12 2 12
0.0 300 LEFT 0 18 14 16 14
0.0 300 LEFT 0 18 13 16 13
0.0 300 LEFT 0 18 12 16 12
0.0 300 LEFT 0 8 0 10 0
0.0 300 LEFT 0 8 1 10 1
0.0 300 LEFT 0 8 2 10 2
0.0 300 LEFT 0 18 6 18 8
0.0 300 LEFT 0 17 6 17 8
0.0 300 LEFT 0 16 6 16 8
0.0 300 LEFT 0 0 6 0 8
0.0 300 LEFT 0 1 6 1 8
0.0 300 LEFT 0 2 6 2 8
0.0 300 LEFT 0 8 14 10 14
0.0 300 LEFT 0 8 13 10 13
0.0 300 LEFT 0 8 12 10 12
4.0 300 LEFT 0 0 0 0 14
0.0 300 LEFT 0 18 0 18 14
0.0 300 LEFT 0 7 2 7 5 
0.0 300 LEFT 0 4 5 6 5
0.0 300 LEFT 0 11 2 11 5
0.0 300 LEFT 0 12 5 14 5
0.0 300 LEFT 0 4 9 7 9
0.0 300 LEFT 0 7 10 7 12
0.0 300 LEFT 0 11 9 14 9
0.0 300 LEFT 0 11 10 11 12
0.0 300 LEFT 0 5 3 13 11
0.0 300 LEFT 0 10 6 13 3
0.0 300 LEFT 0 8 8 5 11
3.0 350 RIGHT 1 0 1 0 13
0.0 350 LEFT 1 18 1 18 13
1.7 350 RIGHT 1 2 2 2 12
0.0 350 LEFT 1 16 2 16 12
1.7 350 RIGHT 1 4 3 4 11
0.0 350 LEFT 1 14 3 14 11
1.7 350 RIGHT 1 6 4 6 10
0.0 350 LEFT 1 12 4 12 10
1.7 350 RIGHT 1 8 5 8 9
0.0 350 LEFT 1 10 5 10 9
2.5 300 UP 6 9 5
0.0 350 DOWN 6 9 9
0.0 350 LEFT 10 9 9
0.0 350 RIGHT 10 9 9
0.1 350 LEFT 10 9 8
0.0 350 RIGHT 10 9 8
0.1 350 LEFT 10 9 7
0.0 350 RIGHT 10 9 7
0.1 350 LEFT 10 9 6
0.0 350 RIGHT 10 9 6
0.1 350 LEFT 10 9 5
0.0 350 RIGHT 10 9 5
5.5 380 LEFT 19 14 12 18 12
0.0 380 DOWN 15 2 0 2 4
0.0 380 RIGHT 19 0 2 4 2
0.0 380 UP   15 16 10 16 14
5.5 360 LEFT 0 2 0 2 14
0.0 360 DOWN 0 16 0 16 14
0.0 360 RIGHT 0 0 2 18 2
0.0 360 UP   0 0 12 18 12
