Pattern 1
6.0  500  DOWN  10 1 3 
2.0  300  UP    15 6 6 3 6
0.9  200  RIGHT 4 3 5 3 6
2.0  300  LEFT  12 13 2 13 4
1.0  500  UP    13 13  8
2.0  300  DOWN  15 9 1 12 1
2.0  300  UP  12 14 17 18 17
1.0  400  LEFT  12 18 4 18 8
3.5  350  DOWN  21 2 0 7 0
0.0  350  DOWN  21 7 1 7 5
0.0  350  DOWN  21 12 0 17 0
0.0  350  DOWN  21 12 1 12 5
0.0  350  UP 21 0 20 6 20
0.0  350  UP  21 0 15 0 19
0.0  350  UP 21 8 20 12 20
0.0  350  UP 21 14 20 19 20
0.0  350  UP  21 19 15 19 19
3.0  400  LEFT 38 17 4 36 4
0.0  400  LEFT 38 17 17 36 17
0.0  400  LEFT 38 17 6 20 6
0.0  400  LEFT 38 22 6 25 6
0.0  400  LEFT 38 27 6 30 6
0.0  400  LEFT 38 32 6 35 6
0.0  400  LEFT 38 19 9 22 9
0.0  400  LEFT 38 25 9 28 9
0.0  400  LEFT 38 31 9 34 9
0.0  400  LEFT 38 17 12 20 12
0.0  400  LEFT 38 22 12 25 12
0.0  400  LEFT 38 27 12 30 12
0.0  400  LEFT 38 32 12 35 12
0.0  400  LEFT 38 19 15 22 15
0.0  400  LEFT 38 25 15 28 15
0.0  400  LEFT 38 31 15 34 15
7.5  350  DOWN 36 0 -11 4 -11
0.0  350  DOWN 36 0 -10 4 -10
0.0  350  DOWN 36 2 -9 2 -1
0.0  350  DOWN 36 6 -11 6 -10
0.0  350  DOWN 36 6 -8 6 -1
0.0  350  DOWN 36 8 -11 8 -1
0.0  350  DOWN 36 8 -11 11 -1
0.0  350  DOWN 36 11 -11 11 -1
0.0  350  DOWN 36 11 -1 14 -11
0.0  350  DOWN 36 14 -11 14 -1
0.0  350  DOWN 36 16 -11 19 -11
0.0  350  DOWN 36 16 -10 16 -2
0.0  350  DOWN 36 16 -1 19 -1
0.0  350  DOWN 36 17 -6 19 -6
7.5  350  UP 36 0 19 0 29
0.0  350  UP 36 1 29 3 29
0.0  350  UP 36 5 19 8 19
0.0  350  UP 36 5 20 5 28
0.0  350  UP 36 5 29 8 29
0.0  350  UP 36 6 24 8 24
0.0  350  UP 36 11 19 13 19
0.0  350  UP 36 10 20 10 23
0.0  350  UP 36 11 24 13 24
0.0  350  UP 36 13 25 13 28
0.0  350  UP 36 10 29 12 29
0.0  350  UP 36 16 19 18 19
0.0  350  UP 36 15 20 15 23
0.0  350  UP 36 16 24 18 24
0.0  350  UP 36 18 25 18 28
0.0  350  UP 36 15 29 17 29
