Pattern 4
4.0 280 DOWN 4 2 0 6 0
0.0 280 DOWN 4 2 1 2 2
0.0 280 DOWN 4 6 1 6 2
0.0 280 UP   3 2 12 6 12
0.0 280 UP   3 2 10 2 11
0.0 280 UP   3 6 10 6 11
0.0 280 DOWN 4 10 0 14 0
0.0 280 DOWN 4 10 1 10 2
0.0 280 DOWN 4 14 1 14 2
0.0 280 UP   3 10 12 14 12
0.0 280 UP   3 10 10 10 11
0.0 280 UP   3 14 10 14 11
3.5 300 DOWN 0 2 4 6 4
0.0 300 DOWN 0 2 5 2 7
0.0 300 UP   0 6 5 6 7
0.0 300 UP   0 2 8 6 8
0.0 300 DOWN 0 10 4 14 4
0.0 300 DOWN 0 10 5 10 7
0.0 300 UP   0 14 5 14 7
0.0 300 UP   0 10 8 14 8
1.0 300 UP 10 2 4 6 4
0.0 300 RIGHT 6 2 5 2 7
0.0 300 RIGHT 2 6 5 6 7
0.0 300 DOWN 10 2 8 6 8
0.0 300 UP 10 10 4 14 4
0.0 300 LEFT 2 10 5 10 7
0.0 300 LEFT 6 14 5 14 7
0.0 300 DOWN 10 10 8 14 8
4.5 300 DOWN 0 8 0 8 12
0.0 300 DOWN 0 2 0 6 0
0.0 300 UP   0 2 1 6 1
0.0 300 UP   0 10 0 14 0
0.0 300 DOWN 0 10 1 14 1
0.0 300 DOWN 0 2 11 6 11
0.0 300 UP   0 2 12 6 12
0.0 300 UP   0 10 11 14 11
0.0 300 DOWN 0 10 12 14 12
0.0 300 UP   0 4 5 4 7
0.0 300 DOWN 0 3 6 
0.0 300 DOWN 0 5 6
0.0 300 UP   0 12 5 12 7
0.0 300 UP   0 11 6
0.0 300 DOWN 0 13 6
4.0 300 LEFT 0 1 4 1 8
0.2 300 LEFT 0 15 4 15 8
0.8 300 RIGHT 0 13 3 13 9
0.2 300 RIGHT 0 3 3 3 9
0.8 300 LEFT 0 5 2 5 10
0.2 300 LEFT 0 11 2 11 10
0.8 300 RIGHT 0 9 1 9 11
0.2 300 RIGHT 0 7 1 7 11
3.0 300 DOWN 0 0 0
0.0 300 DOWN 0 0 12
0.0 300 DOWN 0 16 0
0.0 300 UP   0 16 12
0.0 300 DOWN 0 0 5 0 7
0.0 300 UP   0 16 5 16 7
0.0 300 DOWN 0 7 0 9 0
0.0 300 UP   0 7 12 9 12
0.8 300 UP   0 2 1 3 1
0.0 300 UP   0 2 11 3 11
0.0 300 DOWN 0 13 1 14 1
0.0 300 DOWN 0 13 11 14 11
0.8 300 UP   0 5 3 7 3
0.0 300 UP   0 9 3 11 3
0.0 300 DOWN 0 5 9 7 9
0.0 300 DOWN 0 9 9 11 9
0.8 300 DOWN 0 6 5 11 5
0.0 300 DOWN 0 6 7 11 7
0.0 300 DOWN 0 6 6
0.0 300 DOWN 0 11 6
2.0 300 DOWN 0 0 0
0.0 300 DOWN 0 0 12
0.0 300 DOWN 0 16 0
0.0 300 UP   0 16 12
0.0 300 DOWN 0 0 5 0 7
0.0 300 UP   0 16 5 16 7
0.0 300 DOWN 0 7 0 9 0
0.0 300 UP   0 7 12 9 12
0.0 300 UP   0 2 1 3 1
0.0 300 UP   0 2 11 3 11
0.0 300 DOWN 0 13 1 14 1
0.0 300 DOWN 0 13 11 14 11
0.0 300 UP   0 5 3 7 3
0.0 300 UP   0 9 3 11 3
0.0 300 DOWN 0 5 9 7 9
0.0 300 DOWN 0 9 9 11 9
0.0 300 DOWN 0 6 5 11 5
0.0 300 DOWN 0 6 7 11 7
0.0 300 DOWN 0 6 6
0.0 300 DOWN 0 11 6
3.5 350 DOWN 12 0 0
0.0 350 UP   12 0 11
0.0 350 DOWN 12 16 0
0.0 350 UP   12 16 11
2.0 350 DOWN 11 2 1 3 1
0.0 350 UP   11 2 11 3 11
0.0 350 DOWN 11 13 1 14 1
0.0 350 UP   11 13 11 14 11
2.0 350 DOWN 11 5 3 7 3
0.0 350 UP   11 5 9 7 9
0.0 350 DOWN 11 9 3 11 3
0.0 350 UP   11 9 9 11 9
2.0 350 DOWN 11 8 6
0.0 350 UP 11 8 6
0.0 350 RIGHT 11 8 6
0.0 350 LEFT 11 8 6
0.2 350 DOWN 11 8 6
0.0 350 UP 11 8 6
0.0 350 RIGHT 11 8 6
0.0 350 LEFT 11 8 6
0.2 350 DOWN 11 8 6
0.0 350 UP 11 8 6
0.0 350 RIGHT 11 8 6
0.0 350 LEFT 11 8 6
0.2 350 DOWN 11 8 6
0.0 350 UP 11 8 6
0.0 350 RIGHT 11 8 6
0.0 350 LEFT 11 8 6
4.7 350 LEFT 18 17 12 17 13
0.4 350 LEFT 18 17 10 17 11
0.4 350 LEFT 18 17 8 17 9
0.4 350 LEFT 18 17 6 17 7
0.4 350 LEFT 18 17 4 17 5
0.4 350 LEFT 18 17 2 17 3
0.4 350 LEFT 18 17 0 17 1
4.5 350 LEFT 0 0 12 0 13
0.4 350 LEFT 0 0 10 0 11
0.4 350 LEFT 0 0 8 0 9
0.4 350 LEFT 0 0 6 0 7
0.4 350 LEFT 0 0 4 0 5
0.4 350 LEFT 0 0 2 0 3
0.4 350 LEFT 0 0 0 0 1
2.0 350 RIGHT 18 0 12 0 13
0.4 350 RIGHT 18 0 10 0 11
0.4 350 RIGHT 18 0 8 0 9
0.4 350 RIGHT 18 0 6 0 7
0.4 350 RIGHT 18 0 4 0 5
0.4 350 RIGHT 18 0 2 0 3
0.4 350 RIGHT 18 0 0 0 1
5.3 300 RIGHT 0 0 0 0 11
0.5 300 LEFT 0 12 0 12 11
0.5 300 LEFT 0 4 0 4 11
0.5 300 LEFT 0 8 0 8 11
0.5 300 LEFT 0 2 0 2 11
0.5 300 LEFT 0 16 0 16 11
0.5 300 LEFT 0 12 0 12 11
0.5 300 LEFT 0 7 0 7 11
