Pattern 3
1.5 350 LEFT 20 15 3 18 0
0.0 350 LEFT 25 15 3 21 9
0.0 350 LEFT 25 18 0 21 3
0.0 350 LEFT 30 21 3 24 0
0.0 350 LEFT 30 21 9 27 3
0.0 350 LEFT 30 24 0 27 3
7.0 300 LEFT 0 0 0 
0.0 300 LEFT 0 0 9
0.0 300 LEFT 0 14 0
0.0 300 LEFT 0 14 9
0.5 300 LEFT 0 1 1
0.0 300 LEFT 0 1 9
0.0 300 LEFT 0 13 1
0.0 300 LEFT 0 13 9
0.5 300 LEFT 0 2 2
0.0 300 LEFT 0 2 8
0.0 300 LEFT 0 12 2
0.0 300 LEFT 0 12 8
0.5 300 LEFT 0 3 2 
0.0 300 LEFT 0 3 8
0.0 300 LEFT 0 11 2
0.0 300 LEFT 0 11 8
0.5 300 LEFT 0 4 3
0.0 300 LEFT 0 4 7
0.0 300 LEFT 0 10 3
0.0 300 LEFT 0 10 7
0.5 300 LEFT 0 5 3
0.0 300 LEFT 0 5 7
0.0 300 LEFT 0 9 3
0.0 300 LEFT 0 9 7
0.5 300 LEFT 0 6 4
0.0 300 LEFT 0 6 6
0.0 300 LEFT 0 8 4
0.0 300 LEFT 0 8 6
0.5 300 LEFT 0 7 5
0.2 300 LEFT 0 6 4
0.0 300 LEFT 0 6 6
0.0 300 LEFT 0 8 4
0.0 300 LEFT 0 8 6
0.2 300 LEFT 0 5 3
0.0 300 LEFT 0 5 7
0.0 300 LEFT 0 9 3
0.0 300 LEFT 0 9 7
0.2 300 LEFT 0 4 3
0.0 300 LEFT 0 4 7
0.0 300 LEFT 0 10 3
0.0 300 LEFT 0 10 7
0.2 300 LEFT 0 3 2 
0.0 300 LEFT 0 3 8
0.0 300 LEFT 0 11 2
0.0 300 LEFT 0 11 8
0.2 300 LEFT 0 2 2
0.0 300 LEFT 0 2 8
0.0 300 LEFT 0 12 2
0.0 300 LEFT 0 12 8
0.2 300 LEFT 0 1 1
0.0 300 LEFT 0 1 9
0.0 300 LEFT 0 13 1
0.0 300 LEFT 0 13 9
0.2 300 LEFT 0 0 0 
0.0 300 LEFT 0 0 9
0.0 300 LEFT 0 14 0
0.0 300 LEFT 0 14 9
1.5 350 LEFT 20 13 7 15 5
0.0 350 LEFT 20 14 8 15 9
0.0 350 LEFT 20 16 8 17 7
0.0 350 LEFT 20 17 7 16 6
0.0 350 RIGHT 20 3 0 1 2
0.0 350 RIGHT 20 2 3 3 4
0.0 350 RIGHT 20 3 4 5 2
0.0 350 RIGHT 20 4 1 5 2
5.0 300 DOWN 10 2 -2 2 0
1.0 370 DOWN 11 5 -3 5 0
1.0 400 DOWN 10 11 -2 11 0
1.0 370 DOWN 11 9 -3 9 0
1.0 400 DOWN 11 7 -3 7 0
1.0 370 DOWN 9 4 -1 4 0
1.0 400 DOWN 10 13 -2 13 0
0.7 370 DOWN 11 1 -3 1 0
1.0 370 DOWN 11 8 -3 8 0
1.0 400 DOWN 10 11 -2 11 0
0.7 300 DOWN 10 2 -2 2 0
1.0 370 DOWN 10 5 -2 5 0
0.7 370 DOWN 10 10 -2 10 0
1.7 470 RIGHT 4 -3 2 -3 6
0.0 470 RIGHT 4 -3 2 -1 6
0.0 470 RIGHT 4 -1 2-1 6
1.7 470 UP 8 4 9 6 9
0.0 470 UP 8 4 9 4 13
0.0 470 UP 8 4 11 6 11
0.0 470 UP  8 4 13 6 13
1.7 470 DOWN 9 9 -6 8 -5
0.0 470 DOWN 9 8 -5 8 -3
0.0 470 DOWN 9 8 -3 9 -2
0.0 470 DOWN 9 10 -5 10 -3
0.0 470 DOWN 9 9 -6 10 -5
1.7 470 LEFT 4 15 2 15 6
0.0 470 LEFT 4 15 2 17 6
0.0 470 LEFT 4 17 2 17 6