Pattern 6
5.5  330 RIGHT 5 0 0 5 5
0.0  330 RIGHT 5 5 15 0 20
0.0  330 LEFT 4 15 5 20 0
0.0  330 LEFT 4 15 15 20 20
3.0  350 DOWN 10 10 5 5 0
0.0  350 UP 10 10 15 5 20
0.0  350 DOWN 10 10 5 15 0
0.0  350 UP 10 10 15 15 20
3.0  330 DOWN 0 10 5 5 10
0.0  330 UP 0 15 10 10 15
0.0  330 DOWN 0 10 5 15 10
0.0  330 UP 0 5 10 10 15
0.0  330 UP 0 10 9 10 11
0.0  330 DOWN 0 9 10
0.0  330 UP 0 11 10
0.8  330 RIGHT 0 5 5 15 5 
0.0  330 RIGHT 0 5 6 5 15
0.0  330 RIGHT 0 5 16 15 16
0.0  330 LEFT 0 15 6 15 15
0.8  330 RIGHT 0 10 0 0 10 
0.0  330 RIGHT 0 0 10 10 20
0.0  330 RIGHT 0 10 20 20 10
0.0  330 LEFT 0 20 10 10 0
4.0  330 RIGHT 6 0 6 4 6
0.0  330 RIGHT 6 0 7 0 14
0.0  330 RIGHT 6 1 14 4 14
0.0  330 LEFT 5 16 6 20 6
0.0  330 LEFT 5 20 7 20 14
0.0  330 LEFT 5 16 14 19 14
0.0  330 RIGHT 8 0 1 2 1
0.0  330 RIGHT 8 0 2 0 4
0.0  330 RIGHT 8 1 4 2 4
0.0  330 LEFT 7 18 1 20 1
0.0  330 LEFT 7 20 2 20 4
0.0  330 LEFT 7 18 4 19 4
0.0  330 RIGHT 8 0 16 2 16
0.0  330 RIGHT 8 0 17 0 19
0.0  330 RIGHT 8 1 19 2 19
0.0  330 LEFT 7 18 16 20 16
0.0  330 LEFT 7 20 17 20 19
0.0  330 LEFT 7 18 19 19 19
2.8  300 RIGHT 0 5 6 15 6
0.0  300 RIGHT 0 5 7 5 13
0.0  300 RIGHT 0 5 14 15 14
0.0  300 RIGHT 0 15 7 15 13
0.0  300 RIGHT 0 7 1 13 1
0.0  300 RIGHT 0 7 2 7 3
0.0  300 RIGHT 0 13 2 13 3
0.0  300 RIGHT 0 7 4 13 4
0.0  300 RIGHT 0 7 16 13 16
0.0  300 RIGHT 0 7 17 7 18
0.0  300 RIGHT 0 13 17 13 18
0.0  300 RIGHT 0 7 19 13 19
1.0  300 UP    1 7 1 13 1
0.0  300 UP    1 5 6 15 6
0.0  300 UP    1 7 16 13 16
0.0  300 DOWN  1 7 4 13 4
0.0  300 DOWN  1 5 14 15 14
0.0  300 DOWN  1 7 19 13 19
0.0  300 RIGHT 8 13 2 13 3
0.0  300 RIGHT 8 15 7 15 13
0.0  300 RIGHT 8 13 17 13 18
0.0  300 LEFT 8 7 2 7 3
0.0  300 LEFT 8 5 7 5 13
0.0  300 LEFT 8 7 17 7 18
5.5  300 LEFT 0 1 1 19 1
0.0  300 LEFT 0 1 2 1 18
0.0  300 LEFT 0 1 19 19 19
0.0  300 LEFT 0 19 2 19 18
0.8  300 LEFT 0 3 4 17 4
0.0  300 LEFT 0 3 5 3 16
0.0  300 LEFT 0 3 17 17 17
0.0  300 LEFT 0 17 5 17 16
0.8  300 RIGHT 0 5 6 15 6
0.0  300 RIGHT 0 5 7 5 13
0.0  300 RIGHT 0 5 14 15 14
0.0  300 RIGHT 0 15 7 15 13
0.8  300 RIGHT 0 7 8 13 8
0.0  300 RIGHT 0 7 9 7 11
0.0  300 RIGHT 0 7 12 13 12
0.0  300 RIGHT 0 13 9 13 11
0.8  300 LEFT 0 8 10 12 10
0.3  300 LEFT 0 10 8 10 12
0.5  300 LEFT 0 8 10 12 10
0.0  300 LEFT 0 10 8 10 12
0.8  300 RIGHT 0 4 1 4 9
0.0  300 RIGHT 0 0 5 8 5
0.0  300 RIGHT 0 16 1 16 9
0.0  300 RIGHT 0 12 5 20 5
0.0  300 RIGHT 0 4 11 4 19
0.0  300 RIGHT 0 0 15 8 15
0.0  300 RIGHT 0 16 11 16 19
0.0  300 RIGHT 0 12 15 20 15
0.0  300 RIGHT 0 10 6 10 14
0.0  300 RIGHT 0 6 10 14 10
0.4  300 RIGHT 0 4 1 4 9
0.0  300 RIGHT 0 0 5 8 5
0.4  300 RIGHT 0 16 11 16 19
0.0  300 RIGHT 0 12 15 20 15
0.4  300 RIGHT 0 16 1 16 9
0.0  300 RIGHT 0 12 5 20 5
0.4  300 RIGHT 0 4 11 4 19
0.0  300 RIGHT 0 0 15 8 15
0.4  300 RIGHT 0 10 6 10 14
0.0  300 RIGHT 0 6 10 14 10
0.4  300 RIGHT 0 4 1 4 9
0.0  300 RIGHT 0 0 5 8 5
0.4  300 RIGHT 0 16 11 16 19
0.0  300 RIGHT 0 12 15 20 15
0.4  300 RIGHT 0 16 1 16 9
0.0  300 RIGHT 0 12 5 20 5
0.4  300 RIGHT 0 4 11 4 19
0.0  300 RIGHT 0 0 15 8 15
0.4  300 RIGHT 0 10 6 10 14
0.0  300 RIGHT 0 6 10 14 10
0.4  300 RIGHT 0 4 1 4 9
0.0  300 RIGHT 0 0 5 8 5
0.4  300 RIGHT 0 16 11 16 19
0.0  300 RIGHT 0 12 15 20 15
0.4  300 RIGHT 0 16 1 16 9
0.0  300 RIGHT 0 12 5 20 5
0.4  300 RIGHT 0 4 11 4 19
0.0  300 RIGHT 0 0 15 8 15
0.4  300 RIGHT 0 10 6 10 14
0.0  300 RIGHT 0 6 10 14 10
6.5  350 LEFT 0 10 0 7 3
0.0  350 LEFT 0 10 0 13 3
0.0  350 LEFT 0 0 10 3 7
0.0  350 LEFT 0 0 10 3 13
0.0  350 LEFT 0 10 20 7 17
0.0  350 LEFT 0 10 20 13 17
0.0  350 LEFT 0 20 10 17 7
0.0  350 LEFT 0 20 10 17 13
0.7  350 LEFT 0 10 3 8 5
0.0  350 LEFT 0 10 3 12 5
0.0  350 LEFT 0 3 10 5 8
0.0  350 LEFT 0 3 10 5 12
0.0  350 LEFT 0 10 17 8 15
0.0  350 LEFT 0 10 17 12 15
0.0  350 LEFT 0 17 10 15 8
0.0  350 LEFT 0 17 10 15 12
0.7  350 LEFT 0 10 7 9 8
0.0  350 LEFT 0 10 7 11 8
0.0  350 LEFT 0 7 10 8 9
0.0  350 LEFT 0 7 10 8 11
0.0  350 LEFT 0 10 13 9 12
0.0  350 LEFT 0 10 13 11 12
0.0  350 LEFT 0 13 10 12 9
0.0  350 LEFT 0 13 10 12 11
