Pattern 9
5.3  300 RIGHT 0 4 0 26 0
0.0  300 RIGHT 0 4 1 26 1 
0.0  300 RIGHT 0 4 2 26 2
0.5  300 RIGHT 0 0 5 22 5
0.0  300 RIGHT 0 0 6 22 6
0.0  300 RIGHT 0 0 7 22 7
0.5  300 RIGHT 0 4 10 26 10
0.0  300 RIGHT 0 4 11 26 11
0.0  300 RIGHT 0 4 12 26 12
0.5  300 RIGHT 0 0 15 22 15
0.0  300 RIGHT 0 0 16 22 16
0.0  300 RIGHT 0 0 17 22 17
0.5  300 RIGHT 0 4 20 26 20
0.0  300 RIGHT 0 4 21 26 21
0.0  300 RIGHT 0 4 22 26 22
0.5  300 RIGHT 0 0 24 22 24
0.0  300 RIGHT 0 0 25 22 25
0.0  300 RIGHT 0 0 26 22 26
1.0  300 RIGHT 0 4 24 26 24
0.0  300 RIGHT 0 4 25 26 25
0.0  300 RIGHT 0 4 26 26 26
0.5  300 RIGHT 0 0 20 22 20
0.0  300 RIGHT 0 0 21 22 21
0.0  300 RIGHT 0 0 22 22 22
0.5  300 RIGHT 0 4 15 26 15
0.0  300 RIGHT 0 4 16 26 16
0.0  300 RIGHT 0 4 17 26 17
0.5  300 RIGHT 0 0 10 22 10
0.0  300 RIGHT 0 0 11 22 11
0.0  300 RIGHT 0 0 12 22 12
0.5  300 RIGHT 0 4 5 26 5
0.0  300 RIGHT 0 4 6 26 6
0.0  300 RIGHT 0 4 7 26 7
0.5  300 RIGHT 0 0 0 22 0
0.0  300 RIGHT 0 0 1 22 1 
0.0  300 RIGHT 0 0 2 22 2
4.0  300 RIGHT 0 0 26 3 4
0.0  300 RIGHT 0 3 4 6 26 
0.0  300 RIGHT 0 0 26 6 26
0.5  300 RIGHT 0 5 0 11 0
0.0  300 RIGHT 0 5 0 8 22
0.0  300 RIGHT 0 11 0 8 22
0.5  300 RIGHT 0 10 26 16 26
0.0  300 RIGHT 0 10 26 13 4
0.0  300 RIGHT 0 16 26 13 4
0.5  300 RIGHT 0 15 0 21 0
0.0  300 RIGHT 0 15 0 18 22
0.0  300 RIGHT 0 21 0 18 22
0.5  300 RIGHT 0 20 26 26 26
0.0  300 RIGHT 0 20 26 23 4
0.0  300 RIGHT 0 26 26 23 4
3.0  300 RIGHT 0 13 1 13 10
0.4  300 RIGHT 0 16 10 25 1
0.4  300 RIGHT 0 16 13 25 13
0.4  300 RIGHT 0 16 16 25 25
0.4  300 RIGHT 0 13 16 13 25
0.4  300 RIGHT 0 10 16 1 25
0.4  300 RIGHT 0 1 13 10 13
0.4  300 RIGHT 0 1 1 10 10
3.0  300 RIGHT 0 13 1 13 10
0.4  300 RIGHT 0 1 1 10 10
0.4  300 RIGHT 0 1 13 10 13
0.4  300 RIGHT 0 10 16 1 25
0.4  300 RIGHT 0 13 16 13 25
0.4  300 RIGHT 0 16 16 25 25
0.4  300 RIGHT 0 16 13 25 13
0.4  300 RIGHT 0 16 10 25 1
2.0  300 DOWN 27 16 10 25 1
0.0  300 DOWN 27 1 1 10 10
0.0  300 UP 27 10 16 1 25
0.0  300 UP 27 16 16 25 25
0.0  300 LEFT 26 16 13 25 13
0.0  300 DOWN 26 13 1 13 10
0.0  300 UP 26 13 16 13 25
0.0  300 RIGHT 26 1 13 10 13
5.0  300 RIGHT 0 0 0 13 13
0.0  300 RIGHT 0 13 13 26 26
0.0  300 RIGHT 0 13 13 0 26
0.0  300 RIGHT 0 13 13 26 0
0.0  300 RIGHT 0 13 0 0 13
0.0  300 RIGHT 0 0 13 13 26
0.0  300 RIGHT 0 13 26 26 13
0.0  300 RIGHT 0 26 13 13 0
4.0  300 RIGHT 0 13 0 0 13
0.0  300 RIGHT 0 0 13 13 26
0.0  300 RIGHT 0 13 26 26 13
0.0  300 RIGHT 0 26 13 13 0
1.0  300 RIGHT 0 13 5 5 13
0.0  300 RIGHT 0 13 5 21 13
0.0  300 RIGHT 0 21 13 13 21
0.0  300 RIGHT 0 13 21 5 13
1.0  300 RIGHT 0 13 10 10 13
0.0  300 RIGHT 0 13 10 16 13
0.0  300 RIGHT 0 10 13 13 16
0.0  300 RIGHT 0 16 13 13 16
2.5  300 RIGHT 0 13 5 5 13
0.0  300 RIGHT 0 13 5 21 13
0.0  300 RIGHT 0 21 13 13 21
0.0  300 RIGHT 0 13 21 5 13
0.0  300 RIGHT 0 13 10 10 13
0.0  300 RIGHT 0 13 10 16 13
0.0  300 RIGHT 0 10 13 13 16
0.0  300 RIGHT 0 16 13 13 16
0.0  300 RIGHT 0 10 0 0 10
0.0  300 RIGHT 0 0 16 10 26
0.0  300 RIGHT 0 16 26 26 16
0.0  300 RIGHT 0 26 10 16 0
2.5  300 LEFT 15 13 5 5 13
0.0  300 RIGHT 15 13 5 21 13
0.0  300 RIGHT 15 21 13 13 21
0.0  300 LEFT 15 13 21 5 13
0.2  300 LEFT 15 13 10 10 13
0.0  300 RIGHT 15 13 10 16 13
0.0  300 LEFT 15 10 13 13 16
0.0  300 RIGHT 15 16 13 13 16
4.0  300 RIGHT 0 8 3 4 11
0.0  300 RIGHT 0 4 11 10 9
0.0  300 RIGHT 0 10 9 8 17
0.8  300 RIGHT 0 25 9 19 14
0.0  300 RIGHT 0 19 14 25 17
0.0  300 RIGHT 0 25 17 19 22
0.8  300 RIGHT 0 17 3 9 13
0.0  300 RIGHT 0 9 13 17 15
0.0  300 RIGHT 0 17 15 10 24
0.8  300 RIGHT 0 23 8 12 15
0.0  300 RIGHT 0 12 5 20 18
0.0  300 RIGHT 0 20 18 9 24
0.8  300 RIGHT 0 8 1 4 16
0.0  300 RIGHT 0 4 16 13 8 
0.0  300 RIGHT 0 13 8 11 22
0.8  300 RIGHT 0 20 5 10 13
0.0  300 RIGHT 0 10 13 18 16
0.0  300 RIGHT 0 18 16 8 24
3.5  300 RIGHT 0 0 0 4 4
0.0  300 RIGHT 0 4 4 0 8  
0.0  300 RIGHT 0 0 18 4 22
0.0  300 RIGHT 0 4 22 0 26
0.0  300 RIGHT 0 0 10 26 10
0.0  300 RIGHT 0 0 16 26 16
0.0  300 RIGHT 0 2 12 2 14
0.0  300 RIGHT 0 1 13 3 13
0.0  300 RIGHT 0 7 12 7 14
0.0  300 RIGHT 0 6 13 8 13
0.0  300 RIGHT 0 12 12 12 14
0.0  300 RIGHT 0 11 13 13 13
0.0  300 RIGHT 0 17 12 17 14
0.0  300 RIGHT 0 16 13 18 13
0.0  300 RIGHT 0 22 12 22 14
0.0  300 RIGHT 0 21 13 23 13
0.0  300 RIGHT 0 26 13
1.0  300 RIGHT 0 5 4 9 0
0.0  300 RIGHT 0 9 0 13 4  
0.0  300 RIGHT 0 5 4 9 8
0.0  300 RIGHT 0 9 8 13 4
0.0  300 RIGHT 0 5 22 9 18
0.0  300 RIGHT 0 9 18 13 22  
0.0  300 RIGHT 0 5 22 9 26
0.0  300 RIGHT 0 9 26 13 22
0.0  300 RIGHT 0 0 10 26 10
0.0  300 RIGHT 0 0 16 26 16
0.0  300 RIGHT 0 2 12 2 14
0.0  300 RIGHT 0 1 13 3 13
0.0  300 RIGHT 0 7 12 7 14
0.0  300 RIGHT 0 6 13 8 13
0.0  300 RIGHT 0 12 12 12 14
0.0  300 RIGHT 0 11 13 13 13
0.0  300 RIGHT 0 17 12 17 14
0.0  300 RIGHT 0 16 13 18 13
0.0  300 RIGHT 0 22 12 22 14
0.0  300 RIGHT 0 21 13 23 13
0.0  300 RIGHT 0 26 13
1.0  300 RIGHT 0 14 4 18 0
0.0  300 RIGHT 0 18 0 22 4  
0.0  300 RIGHT 0 14 4 18 8
0.0  300 RIGHT 0 18 8 22 4
0.0  300 RIGHT 0 14 22 18 18
0.0  300 RIGHT 0 18 18 22 22  
0.0  300 RIGHT 0 14 22 18 26
0.0  300 RIGHT 0 18 26 22 22
0.0  300 RIGHT 0 0 10 26 10
0.0  300 RIGHT 0 0 16 26 16
0.0  300 RIGHT 0 2 12 2 14
0.0  300 RIGHT 0 1 13 3 13
0.0  300 RIGHT 0 7 12 7 14
0.0  300 RIGHT 0 6 13 8 13
0.0  300 RIGHT 0 12 12 12 14
0.0  300 RIGHT 0 11 13 13 13
0.0  300 RIGHT 0 17 12 17 14
0.0  300 RIGHT 0 16 13 18 13
0.0  300 RIGHT 0 22 12 22 14
0.0  300 RIGHT 0 21 13 23 13
0.0  300 RIGHT 0 26 13
1.0  300 RIGHT 0 23 4 27 0
0.0  300 RIGHT 0 23 4 27 8  
0.0  300 RIGHT 0 23 22 27 18
0.0  300 RIGHT 0 23 22 27 26
0.0  300 RIGHT 0 0 10 26 10
0.0  300 RIGHT 0 0 16 26 16
0.0  300 RIGHT 0 2 12 2 14
0.0  300 RIGHT 0 1 13 3 13
0.0  300 RIGHT 0 7 12 7 14
0.0  300 RIGHT 0 6 13 8 13
0.0  300 RIGHT 0 12 12 12 14
0.0  300 RIGHT 0 11 13 13 13
0.0  300 RIGHT 0 17 12 17 14
0.0  300 RIGHT 0 16 13 18 13
0.0  300 RIGHT 0 22 12 22 14
0.0  300 RIGHT 0 21 13 23 13
0.0  300 RIGHT 0 26 13
2.0  300 RIGHT 0 0 0 4 4
0.0  300 RIGHT 0 4 4 0 8  
0.0  300 RIGHT 0 0 18 4 22
0.0  300 RIGHT 0 4 22 0 26
0.0  300 RIGHT 0 5 4 9 0
0.0  300 RIGHT 0 9 0 13 4  
0.0  300 RIGHT 0 5 4 9 8
0.0  300 RIGHT 0 9 8 13 4
0.0  300 RIGHT 0 5 22 9 18
0.0  300 RIGHT 0 9 18 13 22  
0.0  300 RIGHT 0 5 22 9 26
0.0  300 RIGHT 0 9 26 13 22
0.0  300 RIGHT 0 14 4 18 0
0.0  300 RIGHT 0 18 0 22 4  
0.0  300 RIGHT 0 14 4 18 8
0.0  300 RIGHT 0 18 8 22 4
0.0  300 RIGHT 0 14 22 18 18
0.0  300 RIGHT 0 18 18 22 22  
0.0  300 RIGHT 0 14 22 18 26
0.0  300 RIGHT 0 18 26 22 22
0.0  300 RIGHT 0 23 4 27 0
0.0  300 RIGHT 0 23 4 27 8  
0.0  300 RIGHT 0 23 22 27 18
0.0  300 RIGHT 0 23 22 27 26
0.0  300 RIGHT 0 0 10 26 10
0.0  300 RIGHT 0 0 16 26 16
0.0  300 RIGHT 0 2 12 2 14
0.0  300 RIGHT 0 1 13 3 13
0.0  300 RIGHT 0 7 12 7 14
0.0  300 RIGHT 0 6 13 8 13
0.0  300 RIGHT 0 12 12 12 14
0.0  300 RIGHT 0 11 13 13 13
0.0  300 RIGHT 0 17 12 17 14
0.0  300 RIGHT 0 16 13 18 13
0.0  300 RIGHT 0 22 12 22 14
0.0  300 RIGHT 0 21 13 23 13
0.0  300 RIGHT 0 26 13
